52,19,421,239,465,372
60,19,421,239,465,372
52,20,425,28,470,166
60,20,425,28,470,166
60,23,399,41,441,161
68,23,399,41,441,161
5,45,62,342,101,422
5,49,126,260,177,357
5,50,432,128,471,213
5,50,166,5,214,92
5,50,327,0,372,90
5,50,117,5,163,93
5,50,492,126,535,217
5,53,670,0,717,86
5,53,425,0,473,79
5,55,642,230,698,306
37,226,340,432,455,506
63,403,424,16,493,160
52,449,444,33,495,185
22,494,471,339,535,507
22,494,532,413,594,509
5,537,23,409,83,515
5,537,341,83,395,186
5,537,284,82,339,181
5,537,189,248,242,351
5,537,250,251,301,353
5,537,226,77,282,178
5,537,133,247,187,350
5,537,135,413,191,520
5,537,251,415,302,518
5,537,105,69,163,173
5,537,72,245,130,349
5,537,307,253,360,356
5,537,165,74,225,175
5,537,193,414,246,520
5,537,13,242,71,348
5,537,306,415,357,518
5,538,205,116,258,218
5,538,152,114,207,216
6,538,141,420,190,505
23,634,630,342,693,426
51,687,32,61,119,201
48,723,267,38,399,195
54,866,474,89,529,335
60,869,20,136,72,282
52,872,739,529,789,647
60,872,739,529,789,647
52,876,306,0,347,76
60,876,306,0,347,76
23,1063,777,516,861,647
60,1096,123,267,192,405
88,1119,17,8,825,646
34,1119,503,45,595,248
88,1119,503,45,595,248
34,1119,593,43,678,246
98,1166,225,341,308,446
23,1293,408,388,511,528
23,1307,393,391,471,587
23,1312,259,357,345,550
23,1312,108,357,194,549
34,1314,771,393,863,606
34,1319,320,397,405,583
34,1321,96,367,164,546
34,1332,689,547,769,648
34,1337,79,562,148,647
34,1337,395,361,470,513
34,1337,356,551,405,648
25,1341,51,315,110,481
34,1341,118,546,169,648
34,1342,46,175,112,356
25,1342,96,180,164,357
34,1342,96,180,164,357
34,1342,235,404,300,585
34,1344,84,56,182,256
34,1351,772,439,829,569
34,1353,278,533,334,647
34,1354,275,441,333,570
34,1360,331,29,390,175
88,1360,331,29,390,175
34,1362,388,317,443,463
34,1362,438,511,495,646
34,1365,292,281,335,444
34,1365,243,496,301,638
88,1365,243,496,301,638
34,1366,312,240,372,389
34,1367,315,250,371,406
34,1370,59,507,119,647
34,1370,47,299,89,456
88,1372,0,128,57,269
88,1372,49,121,113,267
88,1415,3,4,862,643
34,1432,587,110,655,266
34,1438,29,422,97,563
34,1440,1,59,84,221
34,1440,63,64,144,220
34,1459,125,248,222,412
88,1467,47,498,118,611
34,1492,602,91,678,223
34,1506,76,412,162,561
25,1506,805,454,852,584
34,1507,288,439,371,576
34,1507,367,440,449,577
34,1508,197,227,255,384
25,1508,749,46,805,195
88,1509,136,408,208,563
88,1511,730,448,805,605
34,1512,613,257,689,420
88,1512,613,257,689,420
88,1512,602,452,671,599
88,1514,632,289,711,452
88,1514,703,293,781,454
34,1519,473,136,542,296
34,1522,518,431,600,562
88,1534,2,2,862,646
17,1554,2,0,862,645
17,1555,2,0,860,647
34,1558,0,292,103,533
34,1558,93,293,192,528
17,1563,3,2,861,641
34,1568,718,507,820,647
88,1572,0,62,123,273
88,1579,102,103,180,271
34,1587,721,0,781,85
34,1605,146,266,219,407
88,1605,146,266,219,407
34,1608,368,556,456,647
34,1725,72,555,150,647
25,1725,612,536,695,647
34,1725,612,536,695,647
25,1727,460,312,506,437
34,1727,405,314,457,447
34,1727,416,142,482,265
34,1728,432,68,490,237
34,1732,803,537,863,647
34,1787,531,153,592,283
34,1866,413,375,481,576
34,1875,477,491,558,647
25,1878,492,0,544,87
34,1905,189,485,233,580
25,1905,41,485,91,583
34,1929,543,486,609,612
34,1929,782,475,858,597
34,1930,166,427,209,536
34,1936,230,420,294,547
34,1942,222,343,270,444
34,1942,397,486,444,601
5,1984,355,269,426,406
5,1984,572,269,645,407
5,1985,530,42,605,186
5,1985,452,43,526,185
5,1985,608,43,680,186
5,1985,377,45,448,185
5,1985,686,41,763,187
5,1985,390,274,459,412
5,1985,766,42,845,190
5,1985,461,277,532,415
5,1985,611,277,682,418
5,1986,343,141,413,275
5,1986,415,141,490,274
5,1986,569,134,646,271
5,1986,652,365,729,511
5,1986,647,134,723,269
5,1986,492,135,568,273
5,1986,421,368,495,509
5,1986,575,367,649,511
5,1986,500,368,572,510
5,1986,346,368,417,507
5,1986,730,367,809,512
17,1988,14,4,859,645
64,1998,2,8,860,643
23,2006,38,166,103,380
23,2009,453,425,505,607
25,2025,799,0,852,87
43,2026,252,27,312,145
44,2026,555,368,615,475
34,2027,244,226,307,376
34,2038,218,283,317,525
34,2038,749,317,826,523
44,2038,749,317,826,523
34,2039,1,2,860,644
25,2043,649,57,722,235
44,2044,284,264,341,412
44,2044,341,266,398,413
34,2045,427,466,495,629
34,2047,447,225,520,379
34,2047,432,417,493,553
25,2047,78,210,146,380
34,2048,761,31,832,176
34,2049,377,28,452,180
34,2050,50,27,122,162
34,2050,524,418,598,550
34,2050,296,216,358,350
34,2050,471,222,554,381
34,2052,547,298,628,471
34,2053,174,427,273,527
34,2061,563,331,633,435
34,2061,632,333,702,439
23,2093,591,430,652,582
23,2100,395,281,457,433
23,2104,121,250,234,405
23,2105,140,136,214,284
23,2105,82,145,159,286
23,2107,367,259,422,401
23,2107,187,271,253,404
60,2205,475,454,537,567
68,2205,475,454,537,567
52,2240,303,187,344,371
60,2240,303,187,344,371
68,2240,303,187,344,371
60,2240,165,232,207,368
52,2240,634,448,692,567
60,2240,634,448,692,567
52,2243,271,303,326,500
60,2243,271,303,326,500
68,2243,271,303,326,500
23,2244,18,355,97,432
54,2260,636,325,727,567
59,2261,556,0,720,315
52,2270,333,417,436,567
60,2270,333,417,436,567
52,2270,497,224,609,416
68,2270,646,5,755,204
60,2270,218,359,344,566
60,2270,447,451,541,567
52,2270,274,384,391,567
60,2270,274,384,391,567
52,2270,394,450,485,567
60,2270,394,450,485,567
52,2270,635,290,751,479
52,2271,570,146,705,329
60,2271,570,146,705,329
52,2271,534,418,643,557
60,2271,534,418,643,557
52,2271,462,465,544,567
52,2271,466,225,578,386
60,2271,466,225,578,386
1,2271,488,186,622,370
52,2271,488,186,622,370
59,2271,488,186,622,370
60,2271,488,186,622,370
68,2271,488,186,622,370
52,2271,510,431,605,567
52,2271,527,162,668,352
60,2271,527,162,668,352
52,2271,393,257,508,414
60,2271,393,257,508,414
68,2271,393,257,508,414
60,2271,341,494,408,567
52,2271,137,0,218,85
60,2271,137,0,218,85
60,2271,589,0,757,266
52,2271,365,265,474,429
60,2271,365,265,474,429
1,2272,163,54,278,390
52,2272,0,74,102,405
60,2272,0,74,102,405
1,2272,341,35,446,362
60,2272,324,422,404,567
68,2272,324,422,404,567
52,2272,397,409,475,567
60,2272,397,409,475,567
52,2272,686,391,747,567
60,2272,686,391,747,567
68,2272,686,391,747,567
52,2272,175,449,238,567
60,2272,175,449,238,567
52,2273,670,2,757,431
60,2273,670,2,757,431
5,2284,626,221,703,358
10,2285,126,389,216,554
10,2285,468,208,542,329
5,2340,307,17,402,160
5,2340,453,151,545,291
5,2340,242,0,319,110
5,2340,269,226,358,377
5,2340,242,0,336,170
5,2341,569,451,668,568
63,2383,432,81,491,194
60,2444,53,73,90,168
54,2453,232,282,295,524
60,2453,232,282,295,524
68,2453,232,282,295,524
54,2453,30,295,96,526
60,2453,30,295,96,526
68,2453,30,295,96,526
52,2689,375,81,433,249
60,2689,375,81,433,249
23,2690,326,37,383,211
60,2714,396,219,447,389
60,2715,373,331,432,543
52,2774,252,333,326,539
52,2774,115,330,189,536
52,2846,463,0,534,203
60,2846,463,0,534,203
60,2846,181,6,236,204
68,2846,181,6,236,204
60,2846,125,10,183,205
68,2846,125,10,183,205
60,2846,71,11,129,207
68,2846,71,11,129,207
60,2847,178,290,229,474
52,2847,130,294,181,472
60,2847,130,294,181,472
68,2847,130,294,181,472
68,2848,492,284,560,558
52,2849,511,31,578,264
60,2849,511,31,578,264
68,2849,511,31,578,264
60,2849,575,32,646,264
68,2849,575,32,646,264
60,2849,643,30,709,262
68,2849,643,30,709,262
52,2882,0,10,56,209
60,2882,0,10,56,209
52,2883,3,70,61,238
54,2883,3,70,61,238
59,2883,3,70,61,238
60,2883,3,70,61,238
68,2883,3,70,61,238
60,2883,223,101,273,239
60,2887,684,0,730,77
60,2900,323,509,368,567
60,2906,271,433,318,567
52,2907,330,394,379,555
60,2907,330,394,379,555
52,2908,36,491,101,567
60,2908,36,491,101,567
60,2959,94,424,147,552
60,2962,502,25,594,303
60,2964,393,177,446,340
68,2964,393,177,446,340
60,2972,34,352,98,486
68,2972,34,352,98,486
52,2974,61,245,102,401
52,2974,30,447,69,567
60,2975,467,280,518,437
60,2975,518,280,570,438
52,2975,413,266,461,435
54,2975,413,266,461,435
59,2975,413,266,461,435
60,2976,464,18,515,174
52,2976,410,13,457,173
52,2976,25,387,65,515
60,2976,25,387,65,515
54,2978,584,4,636,153
59,2978,584,4,636,153
52,2979,342,147,388,325
52,2979,389,147,434,324
59,2979,389,147,434,324
60,2979,389,147,434,324
52,2980,409,384,451,536
54,2980,409,384,451,536
59,2980,409,384,451,536
60,2980,409,384,451,536
54,3003,247,35,308,247
68,3003,247,35,308,247
27,3003,186,35,249,247
68,3003,186,35,249,247
68,3003,549,31,613,247
52,3003,611,89,672,247
60,3003,611,89,672,247
60,3003,245,282,299,508
68,3003,245,282,299,508
60,3004,327,104,388,324
68,3004,327,104,388,324
52,3004,558,148,621,326
60,3004,558,148,621,326
68,3004,558,148,621,326
52,3004,21,0,81,67
68,3005,394,52,458,287
52,3007,434,0,511,250
54,3007,434,0,511,250
59,3007,434,0,511,250
60,3007,434,0,511,250
68,3007,434,0,511,250
68,3007,296,0,371,248
68,3008,287,118,347,307
52,3008,230,116,287,304
60,3008,230,116,287,304
68,3008,230,116,287,304
68,3009,366,4,423,200
68,3009,242,250,296,435
68,3009,310,9,365,199
68,3009,146,20,202,201
68,3011,366,19,425,222
68,3011,411,257,465,467
52,3011,238,259,298,468
60,3011,238,259,298,468
68,3011,238,259,298,468
27,3011,18,28,78,227
68,3011,18,28,78,227
52,3012,511,2,566,219
60,3012,511,2,566,219
68,3012,511,2,566,219
68,3012,566,3,623,218
68,3012,218,13,279,221
52,3013,668,392,735,558
60,3013,668,392,735,558
68,3013,668,392,735,558
52,3013,592,391,643,538
60,3013,592,391,643,538
52,3015,602,0,669,143
60,3015,602,0,669,143
60,3015,409,402,452,541
52,3016,475,8,533,200
60,3016,475,8,533,200
68,3016,475,8,533,200
52,3016,544,21,599,198
52,3016,0,35,45,198
54,3016,0,35,45,198
60,3016,0,35,45,198
52,3016,58,233,109,417
60,3016,58,233,109,417
68,3016,58,233,109,417
68,3016,7,231,55,415
52,3017,348,39,405,220
60,3017,348,39,405,220
68,3017,348,39,405,220
52,3017,471,257,524,462
60,3017,471,257,524,462
68,3017,471,257,524,462
52,3017,364,257,419,462
59,3017,364,257,419,462
60,3017,364,257,419,462
68,3017,364,257,419,462
52,3017,419,257,473,462
60,3017,419,257,473,462
68,3017,419,257,473,462
52,3017,300,41,350,219
60,3017,300,41,350,219
52,3019,124,0,190,81
60,3019,124,0,190,81
60,3020,631,0,700,66
60,3020,84,371,132,520
60,3020,577,366,625,523
52,3020,17,354,77,514
60,3020,17,354,77,514
52,3020,134,370,184,520
60,3020,134,370,184,520
68,3022,488,140,540,340
52,3022,22,152,87,342
60,3022,22,152,87,342
52,3022,601,130,659,340
60,3022,601,130,659,340
52,3022,549,128,604,340
60,3022,549,128,604,340
52,3022,195,373,238,537
60,3022,195,373,238,537
52,3022,14,379,65,526
60,3022,14,379,65,526
68,3022,14,379,65,526
52,3023,404,168,458,392
60,3023,404,168,458,392
68,3023,404,168,458,392
1,3023,271,0,322,138
52,3023,271,0,322,138
59,3023,271,0,322,138
60,3023,271,0,322,138
52,3023,86,198,136,391
60,3023,86,198,136,391
68,3023,86,198,136,391
52,3023,324,0,375,137
59,3023,324,0,375,137
52,3023,82,447,134,567
59,3023,82,447,134,567
60,3023,82,447,134,567
52,3023,292,170,345,394
60,3023,292,170,345,394
52,3023,343,169,399,394
60,3023,343,169,399,394
68,3023,343,169,399,394
52,3023,137,196,188,389
60,3023,137,196,188,389
52,3023,221,0,272,140
59,3023,221,0,272,140
60,3023,221,0,272,140
60,3023,593,424,645,567
52,3023,131,429,180,567
59,3023,131,429,180,567
60,3023,131,429,180,567
52,3024,419,257,471,477
60,3024,419,257,471,477
52,3024,157,278,207,470
68,3024,309,259,361,476
52,3024,100,26,152,230
60,3024,100,26,152,230
68,3024,100,26,152,230
60,3024,360,257,413,477
68,3024,195,22,247,229
68,3024,147,26,198,230
52,3024,465,258,521,477
60,3024,465,258,521,477
68,3024,465,258,521,477
52,3025,41,67,96,260
60,3025,41,67,96,260
52,3025,208,68,259,259
60,3025,208,68,259,259
68,3025,208,68,259,259
52,3025,96,72,148,260
60,3025,96,72,148,260
52,3025,148,69,201,259
60,3025,148,69,201,259
52,3025,603,319,654,497
52,3025,259,65,315,258
59,3025,259,65,315,258
60,3025,259,65,315,258
68,3025,259,65,315,258
52,3025,654,309,702,498
60,3025,654,309,702,498
52,3025,27,307,82,500
60,3025,27,307,82,500
68,3025,648,60,698,255
52,3025,314,63,368,257
60,3025,314,63,368,257
52,3026,632,112,686,310
60,3026,632,112,686,310
68,3026,632,112,686,310
60,3026,103,119,156,313
52,3026,155,120,212,313
60,3026,155,120,212,313
68,3026,155,120,212,313
52,3026,603,351,651,522
59,3026,603,351,651,522
60,3026,603,351,651,522
52,3026,684,114,736,310
60,3026,684,114,736,310
68,3026,684,114,736,310
52,3026,110,360,162,533
60,3026,110,360,162,533
52,3026,249,345,297,530
60,3026,249,345,297,530
60,3026,113,0,167,65
52,3027,393,0,457,117
60,3027,393,0,457,117
52,3027,301,156,359,356
60,3027,301,156,359,356
68,3027,301,156,359,356
52,3027,406,155,454,359
60,3027,406,155,454,359
60,3027,619,154,676,350
68,3027,619,154,676,350
52,3027,352,155,403,358
60,3027,140,164,201,359
68,3027,140,164,201,359
60,3027,262,393,310,545
60,3027,645,399,701,546
52,3027,695,396,751,544
60,3027,695,396,751,544
52,3027,309,394,357,545
60,3027,309,394,357,545
52,3027,134,416,184,541
59,3027,134,416,184,541
60,3027,134,416,184,541
52,3027,220,402,264,542
60,3027,220,402,264,542
52,3027,453,393,496,539
60,3027,453,393,496,539
52,3028,67,348,119,526
60,3028,67,348,119,526
52,3028,279,346,336,533
60,3028,279,346,336,533
52,3028,225,354,281,534
60,3028,225,354,281,534
52,3028,448,336,504,530
59,3028,448,336,504,530
60,3028,448,336,504,530
52,3028,673,356,736,525
60,3028,673,356,736,525
68,3028,673,356,736,525
68,3028,558,343,619,533
52,3028,509,363,567,534
52,3028,14,352,71,524
60,3028,14,352,71,524
52,3029,356,67,419,296
59,3029,356,67,419,296
60,3029,356,67,419,296
68,3029,356,67,419,296
52,3029,294,65,358,297
59,3029,294,65,358,297
60,3029,294,65,358,297
68,3029,294,65,358,297
52,3029,417,60,478,295
59,3029,417,60,478,295
60,3029,417,60,478,295
52,3029,240,61,297,295
60,3029,240,61,297,295
52,3029,476,54,535,295
60,3029,476,54,535,295
52,3030,388,376,438,547
59,3030,388,376,438,547
60,3030,388,376,438,547
52,3030,436,357,489,549
59,3030,436,357,489,549
60,3030,436,357,489,549
68,3030,436,357,489,549
52,3030,526,125,582,322
59,3030,526,125,582,322
60,3030,526,125,582,322
68,3030,526,125,582,322
52,3030,337,356,391,545
60,3030,337,356,391,545
52,3030,584,126,638,322
59,3030,584,126,638,322
60,3030,584,126,638,322
52,3030,582,358,636,553
60,3030,582,358,636,553
52,3030,64,372,110,526
60,3030,64,372,110,526
52,3031,479,58,534,246
59,3031,479,58,534,246
60,3031,479,58,534,246
68,3031,479,58,534,246
52,3031,427,75,477,246
60,3031,427,75,477,246
59,3031,281,67,330,247
52,3031,328,65,381,246
60,3031,328,65,381,246
52,3031,380,76,430,246
60,3031,380,76,430,246
52,3031,545,297,598,491
59,3031,545,297,598,491
60,3031,545,297,598,491
68,3031,545,297,598,491
52,3031,601,330,653,491
59,3031,601,330,653,491
60,3031,601,330,653,491
52,3033,568,328,628,545
60,3033,568,328,628,545
52,3033,240,353,296,544
60,3033,240,353,296,544
52,3033,295,345,350,545
60,3033,295,345,350,545
1,3033,515,358,572,545
52,3033,515,358,572,545
60,3033,515,358,572,545
52,3034,254,120,309,330
60,3034,254,120,309,330
68,3034,254,120,309,330
52,3034,309,118,366,330
59,3034,309,118,366,330
60,3034,309,118,366,330
52,3034,426,367,480,561
60,3034,426,367,480,561
68,3034,426,367,480,561
60,3034,479,387,533,560
52,3034,71,360,120,547
60,3034,71,360,120,547
60,3034,120,361,171,548
52,3034,370,0,426,60
60,3034,370,0,426,60
52,3034,99,0,155,70
59,3034,99,0,155,70
52,3034,40,0,103,72
59,3034,40,0,103,72
60,3034,40,0,103,72
52,3035,505,56,562,257
60,3035,505,56,562,257
68,3035,505,56,562,257
60,3035,451,45,509,255
68,3035,451,45,509,255
52,3035,622,294,673,455
60,3035,622,294,673,455
52,3035,104,305,149,444
59,3035,104,305,149,444
60,3035,104,305,149,444
60,3036,384,380,433,540
52,3036,73,0,144,93
59,3036,73,0,144,93
60,3036,73,0,144,93
60,3036,138,0,208,91
60,3036,104,161,158,340
52,3036,435,137,485,339
60,3036,435,137,485,339
52,3036,621,380,677,532
60,3036,621,380,677,532
52,3036,154,149,212,338
60,3036,154,149,212,338
52,3036,675,379,730,527
60,3036,675,379,730,527
52,3036,34,372,84,525
60,3036,34,372,84,525
68,3036,34,372,84,525
52,3037,251,89,307,309
60,3037,251,89,307,309
68,3037,251,89,307,309
52,3037,192,93,247,303
60,3037,192,93,247,303
68,3037,192,93,247,303
52,3037,635,381,698,519
59,3037,635,381,698,519
60,3037,635,381,698,519
68,3037,635,381,698,519
52,3037,307,91,364,310
60,3037,307,91,364,310
68,3037,307,91,364,310
52,3037,45,341,99,496
60,3037,45,341,99,496
52,3037,139,366,186,504
59,3037,139,366,186,504
60,3037,139,366,186,504
52,3037,92,366,143,501
60,3037,92,366,143,501
1,3038,611,54,682,281
52,3038,441,310,488,502
60,3038,441,310,488,502
52,3038,576,346,634,506
59,3038,576,346,634,506
60,3038,576,346,634,506
52,3038,390,310,441,501
59,3038,390,310,441,501
60,3038,390,310,441,501
52,3038,334,311,385,500
60,3038,334,311,385,500
60,3038,137,324,184,486
52,3039,265,304,323,500
60,3039,265,304,323,500
68,3039,265,304,323,500
1,3039,615,308,680,511
52,3039,615,308,680,511
52,3039,22,298,75,486
59,3039,22,298,75,486
60,3039,22,298,75,486
52,3039,420,45,479,260
60,3039,420,45,479,260
68,3039,420,45,479,260
52,3039,478,48,538,260
60,3039,478,48,538,260
52,3039,320,305,376,503
60,3039,320,305,376,503
68,3039,320,305,376,503
52,3039,359,48,421,259
60,3039,359,48,421,259
68,3039,359,48,421,259
52,3040,699,302,756,513
60,3040,699,302,756,513
52,3040,145,73,197,247
60,3040,145,73,197,247
52,3040,400,60,455,246
60,3040,400,60,455,246
68,3040,400,60,455,246
52,3040,344,65,401,246
60,3040,344,65,401,246
52,3040,441,298,500,506
60,3040,441,298,500,506
52,3040,239,307,288,497
60,3040,239,307,288,497
52,3040,498,300,557,507
60,3040,498,300,557,507
68,3040,498,300,557,507
52,3041,384,40,445,246
60,3041,384,40,445,246
68,3041,384,40,445,246
52,3041,325,43,385,243
60,3041,325,43,385,243
52,3041,501,310,557,517
52,3041,381,303,437,510
60,3041,381,303,437,510
52,3041,325,305,375,509
60,3041,325,305,375,509
52,3042,499,257,554,457
59,3042,499,257,554,457
60,3042,499,257,554,457
52,3042,445,252,500,456
59,3042,445,252,500,456
60,3042,445,252,500,456
68,3042,445,252,500,456
60,3042,176,255,223,452
68,3042,176,255,223,452
60,3042,76,256,128,452
52,3042,26,265,76,450
59,3042,26,265,76,450
60,3042,26,265,76,450
68,3042,26,265,76,450
52,3042,230,281,284,452
60,3042,230,281,284,452
68,3042,230,281,284,452
52,3042,282,254,337,451
60,3042,282,254,337,451
68,3042,282,254,337,451
52,3042,677,250,730,439
60,3042,426,490,479,567
52,3045,537,0,595,172
60,3045,537,0,595,172
52,3045,473,0,536,172
60,3045,473,0,536,172
52,3045,251,0,309,173
59,3045,251,0,309,173
60,3045,251,0,309,173
68,3045,251,0,309,173
52,3045,196,0,247,174
59,3045,196,0,247,174
60,3045,196,0,247,174
68,3045,196,0,247,174
52,3045,457,205,512,391
60,3045,457,205,512,391
52,3045,508,208,564,396
60,3045,508,208,564,396
52,3045,207,232,257,388
60,3045,207,232,257,388
68,3045,207,232,257,388
60,3045,301,213,353,394
52,3045,634,450,681,567
60,3045,634,450,681,567
52,3045,288,444,330,557
59,3045,288,444,330,557
60,3045,288,444,330,557
68,3045,288,444,330,557
52,3045,246,429,289,558
60,3045,246,429,289,558
68,3045,246,429,289,558
60,3045,699,226,749,389
68,3045,699,226,749,389
52,3046,109,333,158,489
60,3046,109,333,158,489
68,3046,109,333,158,489
52,3046,383,368,431,510
59,3046,383,368,431,510
60,3046,383,368,431,510
68,3046,383,368,431,510
52,3046,469,91,530,311
60,3046,469,91,530,311
68,3046,469,91,530,311
1,3046,645,91,721,315
52,3046,359,99,417,304
60,3046,359,99,417,304
68,3046,359,99,417,304
52,3046,584,105,646,316
60,3046,584,105,646,316
60,3046,209,83,259,295
60,3046,527,92,587,312
52,3046,430,369,481,512
59,3046,430,369,481,512
60,3046,430,369,481,512
52,3046,416,103,472,305
27,3046,525,357,577,525
52,3046,525,357,577,525
60,3046,525,357,577,525
68,3046,525,357,577,525
52,3046,640,396,692,535
52,3047,126,314,174,469
60,3047,126,314,174,469
52,3047,398,354,448,494
59,3047,398,354,448,494
60,3047,398,354,448,494
68,3047,398,354,448,494
52,3047,490,78,551,300
60,3047,490,78,551,300
68,3047,490,78,551,300
52,3047,610,96,669,306
60,3047,610,96,669,306
52,3047,437,88,494,295
60,3047,437,88,494,295
68,3047,437,88,494,295
1,3047,181,74,235,276
52,3047,445,361,495,498
59,3047,445,361,495,498
60,3047,445,361,495,498
52,3047,538,350,590,512
60,3047,538,350,590,512
68,3047,538,350,590,512
52,3047,588,356,641,519
59,3047,588,356,641,519
60,3047,588,356,641,519
68,3047,588,356,641,519
52,3047,549,83,608,302
60,3047,549,83,608,302
1,3047,662,88,742,307
52,3047,289,317,327,425
60,3047,289,317,327,425
52,3047,650,380,710,524
59,3047,650,380,710,524
60,3047,650,380,710,524
52,3047,327,321,369,435
52,3048,20,67,86,283
60,3048,20,67,86,283
68,3048,20,67,86,283
1,3048,375,55,435,288
52,3048,132,81,191,286
60,3048,132,81,191,286
68,3048,132,81,191,286
52,3048,78,81,135,285
60,3048,78,81,135,285
68,3048,78,81,135,285
52,3048,28,330,82,487
59,3048,28,330,82,487
60,3048,28,330,82,487
52,3048,525,327,572,441
60,3048,525,327,572,441
52,3049,530,168,589,363
59,3049,530,168,589,363
60,3049,530,168,589,363
68,3049,530,168,589,363
52,3049,424,163,478,362
60,3049,424,163,478,362
68,3049,424,163,478,362
52,3049,639,0,698,110
59,3049,639,0,698,110
60,3049,639,0,698,110
52,3049,370,163,428,361
60,3049,370,163,428,361
68,3049,370,163,428,361
52,3049,200,196,251,360
59,3049,200,196,251,360
60,3049,200,196,251,360
52,3049,156,416,201,567
60,3049,156,416,201,567
60,3049,379,418,431,568
52,3050,540,65,594,249
60,3050,540,65,594,249
52,3050,491,63,543,250
60,3050,491,63,543,250
52,3050,440,296,493,490
60,3050,440,296,493,490
1,3050,393,55,443,251
52,3050,388,295,443,490
59,3050,388,295,443,490
60,3050,388,295,443,490
68,3050,388,295,443,490
52,3050,53,83,105,255
60,3050,53,83,105,255
52,3050,212,70,265,254
60,3050,212,70,265,254
68,3050,212,70,265,254
52,3050,262,68,312,252
60,3050,262,68,312,252
60,3050,176,330,227,485
68,3050,176,330,227,485
52,3051,425,46,479,234
60,3051,425,46,479,234
68,3051,425,46,479,234
52,3051,477,46,529,234
60,3051,477,46,529,234
52,3051,370,47,426,235
52,3051,538,45,591,235
60,3051,538,45,591,235
52,3051,104,50,156,236
60,3051,104,50,156,236
52,3051,587,43,643,236
60,3051,587,43,643,236
68,3051,587,43,643,236
52,3051,501,316,554,477
60,3051,501,316,554,477
68,3051,501,316,554,477
52,3051,294,284,345,475
59,3051,294,284,345,475
60,3051,294,284,345,475
52,3051,554,313,605,477
60,3051,554,313,605,477
52,3051,244,282,295,473
59,3051,244,282,295,473
60,3051,244,282,295,473
52,3051,194,283,244,471
59,3051,194,283,244,471
60,3051,194,283,244,471
52,3051,346,284,399,476
52,3052,365,0,419,176
52,3052,207,1,262,175
60,3052,207,1,262,175
52,3052,259,0,313,176
52,3052,125,217,171,395
60,3052,125,217,171,395
68,3052,125,217,171,395
52,3052,170,222,216,399
60,3052,170,222,216,399
52,3052,267,220,317,404
60,3052,267,220,317,404
52,3052,512,236,558,405
60,3052,512,236,558,405
68,3052,512,236,558,405
52,3052,605,215,653,408
60,3052,605,215,653,408
68,3052,605,215,653,408
52,3052,240,457,288,567
59,3052,240,457,288,567
60,3052,240,457,288,567
68,3052,240,457,288,567
60,3052,47,215,96,393
52,3052,196,452,243,567
60,3052,196,452,243,567
68,3052,196,452,243,567
52,3052,560,234,607,406
59,3052,560,234,607,406
60,3052,560,234,607,406
52,3053,237,196,290,363
60,3053,237,196,290,363
68,3053,237,196,290,363
52,3053,187,192,240,361
60,3053,187,192,240,361
68,3053,187,192,240,361
52,3053,137,173,189,358
60,3053,137,173,189,358
68,3053,137,173,189,358
1,3053,329,0,388,139
52,3053,323,174,372,364
59,3053,323,174,372,364
60,3053,323,174,372,364
68,3053,323,174,372,364
52,3053,439,183,492,371
59,3053,439,183,492,371
60,3053,439,183,492,371
52,3053,292,423,335,553
60,3053,292,423,335,553
52,3053,336,406,378,555
59,3053,336,406,378,555
60,3053,336,406,378,555
52,3053,491,183,541,373
60,3053,491,183,541,373
68,3053,491,183,541,373
52,3053,394,181,441,349
60,3053,394,181,441,349
52,3053,380,425,425,560
60,3053,380,425,425,560
52,3053,701,416,756,563
60,3053,701,416,756,563
68,3053,701,416,756,563
52,3053,252,417,294,547
52,3054,213,76,267,261
60,3054,213,76,267,261
68,3054,213,76,267,261
52,3054,354,64,405,263
59,3054,354,64,405,263
60,3054,354,64,405,263
68,3054,354,64,405,263
52,3054,266,84,320,262
60,3054,266,84,320,262
52,3054,474,67,529,267
59,3054,474,67,529,267
60,3054,474,67,529,267
68,3054,474,67,529,267
52,3054,412,324,458,472
59,3054,412,324,458,472
60,3054,412,324,458,472
52,3054,366,310,409,470
59,3054,366,310,409,470
60,3054,366,310,409,470
52,3054,528,68,580,271
60,3054,528,68,580,271
68,3054,528,68,580,271
60,3054,509,325,549,474
52,3056,693,112,754,302
60,3056,693,112,754,302
68,3056,693,112,754,302
60,3056,31,324,77,469
52,3056,70,323,116,470
60,3056,70,323,116,470
52,3056,700,345,756,491
60,3056,700,345,756,491
52,3057,695,143,751,327
59,3057,695,143,751,327
60,3057,695,143,751,327
68,3057,695,143,751,327
59,3057,81,145,128,320
52,3057,680,362,728,518
60,3057,680,362,728,518
68,3057,680,362,728,518
60,3057,187,170,254,317
59,3057,260,173,337,321
60,3057,260,173,337,321
59,3057,88,355,127,499
52,3058,424,0,470,131
60,3058,424,0,470,131
68,3058,424,0,470,131
52,3058,470,0,521,131
54,3058,470,0,521,131
59,3058,470,0,521,131
52,3058,321,0,374,131
60,3058,321,0,374,131
68,3058,321,0,374,131
59,3058,272,407,350,543
60,3058,272,407,350,543
52,3058,678,387,727,556
60,3058,678,387,727,556
52,3058,365,176,414,348
54,3058,365,176,414,348
59,3058,365,176,414,348
60,3058,365,176,414,348
59,3058,205,405,268,537
60,3058,205,405,268,537
52,3059,138,448,177,567
60,3059,138,448,177,567
52,3059,298,484,367,567
54,3059,298,484,367,567
59,3059,298,484,367,567
60,3059,298,484,367,567
68,3059,298,484,367,567
52,3059,227,476,290,567
54,3059,227,476,290,567
59,3059,227,476,290,567
60,3059,227,476,290,567
52,3060,82,49,126,210
60,3060,82,49,126,210
52,3061,470,238,515,408
59,3061,470,238,515,408
60,3061,470,238,515,408
52,3062,626,374,667,538
60,3062,626,374,667,538
1,3062,547,395,586,540
52,3062,547,395,586,540
59,3062,547,395,586,540
60,3062,547,395,586,540
52,3062,29,163,75,340
59,3062,29,163,75,340
60,3062,29,163,75,340
60,3062,117,158,162,339
52,3063,505,108,548,294
1,3063,114,337,157,471
52,3063,114,337,157,471
59,3063,114,337,157,471
60,3063,114,337,157,471
52,3067,540,41,582,190
59,3067,540,41,582,190
59,3067,468,38,508,189
52,3068,61,214,97,362
52,3068,24,211,63,361
52,3069,643,219,691,373
52,3069,580,397,626,536
60,3069,580,397,626,536
52,3069,549,415,587,535
60,3069,549,415,587,535
59,3071,236,271,287,457
52,3071,90,258,139,454
59,3071,90,258,139,454
60,3071,90,258,139,454
52,3071,185,262,238,457
52,3071,138,260,187,454
59,3071,138,260,187,454
52,3071,481,262,531,456
1,3071,526,263,579,456
52,3071,526,263,579,456
59,3071,526,263,579,456
60,3071,526,263,579,456
52,3071,40,258,91,452
54,3072,76,185,129,374
68,3072,76,185,129,374
52,3072,247,418,295,567
52,3072,202,428,247,567
52,3072,155,426,205,567
59,3072,155,426,205,567
60,3072,155,426,205,567
1,3073,592,380,645,555
52,3073,592,380,645,555
59,3073,592,380,645,555
60,3073,592,380,645,555
59,3073,205,136,256,328
1,3073,657,0,722,99
52,3073,657,0,722,99
59,3073,657,0,722,99
60,3073,657,0,722,99
52,3073,530,395,579,555
54,3073,530,395,579,555
59,3073,255,135,306,329
59,3073,305,121,357,331
52,3073,481,403,530,555
52,3073,17,362,55,532
60,3073,17,362,55,532
1,3073,639,400,695,559
52,3073,639,400,695,559
59,3073,639,400,695,559
60,3073,639,400,695,559
54,3074,621,376,672,558
59,3074,245,382,290,546
52,3075,701,371,748,549
52,3076,418,250,464,436
59,3076,418,250,464,436
60,3076,418,250,464,436
59,3076,353,469,396,567
52,3079,698,240,746,411
59,3079,427,229,474,409
54,3080,573,218,624,403
52,3081,621,379,667,544
52,3081,342,377,384,541
59,3081,342,377,384,541
60,3081,342,377,384,541
52,3081,170,376,211,531
60,3081,170,376,211,531
52,3081,181,151,226,327
52,3082,114,335,159,495
60,3082,114,335,159,495
1,3082,591,97,645,292
52,3082,591,97,645,292
59,3082,591,97,645,292
60,3082,591,97,645,292
52,3082,531,341,581,507
59,3082,531,341,581,507
60,3082,531,341,581,507
52,3082,577,343,629,511
59,3082,577,343,629,511
60,3082,577,343,629,511
52,3082,23,327,71,489
59,3082,23,327,71,489
60,3082,23,327,71,489
52,3082,346,320,393,499
59,3082,346,320,393,499
60,3082,346,320,393,499
52,3082,623,346,676,514
59,3082,623,346,676,514
60,3082,623,346,676,514
52,3082,669,356,721,515
54,3082,669,356,721,515
59,3082,669,356,721,515
52,3083,29,257,79,443
59,3083,29,257,79,443
1,3083,645,285,694,471
52,3083,645,285,694,471
60,3083,226,494,265,567
60,3083,272,492,313,567
52,3084,536,435,583,567
52,3084,634,431,681,567
60,3084,634,431,681,567
52,3084,694,198,750,389
60,3084,694,198,750,389
59,3084,189,429,238,567
1,3085,295,63,349,260
52,3085,295,63,349,260
59,3085,295,63,349,260
60,3085,295,63,349,260
52,3085,83,295,134,483
59,3085,83,295,134,483
60,3085,83,295,134,483
1,3086,407,37,457,218
52,3086,407,37,457,218
54,3086,407,37,457,218
59,3086,407,37,457,218
60,3086,407,37,457,218
52,3086,360,38,410,219
1,3086,85,35,134,216
52,3086,85,35,134,216
59,3086,85,35,134,216
60,3086,85,35,134,216
1,3086,39,34,88,214
52,3086,39,34,88,214
59,3086,39,34,88,214
60,3086,39,34,88,214
52,3089,691,294,742,476
59,3089,691,294,742,476
60,3089,691,294,742,476
52,3089,467,284,512,476
59,3089,467,284,512,476
60,3089,467,284,512,476
52,3089,673,72,726,257
59,3090,462,0,513,189
52,3090,561,0,612,188
59,3090,561,0,612,188
1,3090,696,3,754,190
59,3090,696,3,754,190
60,3090,696,3,754,190
52,3090,681,429,720,565
60,3090,681,429,720,565
52,3091,480,115,534,303
52,3091,469,359,513,508
59,3091,469,359,513,508
59,3091,583,114,636,301
55,3107,3,454,215,567
52,3109,309,12,351,164
60,3109,309,12,351,164
52,3109,189,13,230,165
60,3109,189,13,230,165
52,3109,146,11,189,167
60,3109,146,11,189,167
52,3111,18,386,56,513
60,3111,18,386,56,513
59,3112,33,10,91,234
59,3113,480,156,533,343
52,3113,4,371,57,538
60,3113,4,371,57,538
68,3113,4,371,57,538
52,3113,161,400,212,536
60,3113,161,400,212,536
52,3113,50,375,104,538
60,3113,50,375,104,538
68,3113,50,375,104,538
52,3113,96,375,148,537
60,3113,96,375,148,537
68,3113,96,375,148,537
1,3114,623,380,672,518
52,3114,623,380,672,518
54,3114,623,380,672,518
59,3114,623,380,672,518
60,3114,623,380,672,518
52,3114,582,381,626,517
60,3114,582,381,626,517
52,3114,27,349,78,492
60,3114,27,349,78,492
52,3114,13,151,70,318
60,3114,13,151,70,318
68,3114,13,151,70,318
52,3114,30,0,88,115
68,3114,58,149,116,319
52,3114,104,147,160,317
60,3114,104,147,160,317
68,3114,104,147,160,317
52,3114,110,352,156,495
60,3114,110,352,156,495
52,3114,77,0,138,113
60,3114,151,360,202,497
52,3114,144,0,196,114
52,3114,172,173,223,317
52,3114,453,386,492,510
52,3115,153,364,200,486
60,3115,153,364,200,486
52,3115,357,352,397,495
60,3115,357,352,397,495
52,3115,397,372,439,496
60,3115,397,372,439,496
60,3115,315,353,357,493
52,3115,273,351,318,492
60,3115,273,351,318,492
52,3115,439,353,481,497
60,3115,439,353,481,497
52,3115,297,0,346,123
60,3115,297,0,346,123
52,3115,204,0,255,121
60,3115,204,0,255,121
52,3115,251,0,300,121
59,3115,251,0,300,121
60,3115,251,0,300,121
52,3115,158,0,210,122
60,3115,158,0,210,122
52,3115,564,354,610,501
60,3115,564,354,610,501
52,3115,344,0,393,123
60,3115,344,0,393,123
52,3115,485,0,534,123
52,3115,437,0,485,122
60,3115,437,0,485,122
52,3115,581,0,631,120
60,3115,581,0,631,120
52,3115,339,163,383,322
52,3115,382,173,428,323
60,3115,382,173,428,323
68,3115,382,173,428,323
52,3115,171,171,216,319
60,3115,171,171,216,319
52,3115,213,152,258,319
52,3115,535,0,583,121
52,3115,647,0,703,123
59,3115,647,0,703,123
60,3115,647,0,703,123
52,3115,516,160,562,323
52,3116,565,51,613,237
52,3116,517,52,566,236
59,3116,517,52,566,236
60,3116,517,52,566,236
52,3116,359,281,405,441
52,3116,190,48,239,230
59,3116,190,48,239,230
60,3116,190,48,239,230
52,3116,237,50,285,232
59,3116,237,50,285,232
60,3116,237,50,285,232
52,3117,260,257,307,433
59,3117,260,257,307,433
60,3117,260,257,307,433
68,3117,260,257,307,433
52,3117,584,255,631,435
60,3117,584,255,631,435
52,3117,213,255,261,431
60,3117,213,255,261,431
52,3117,178,254,217,429
59,3117,178,254,217,429
60,3117,178,254,217,429
52,3118,417,26,472,220
60,3118,417,26,472,220
68,3118,417,26,472,220
52,3118,266,28,325,218
60,3118,266,28,325,218
68,3118,266,28,325,218
52,3118,69,42,117,213
60,3118,69,42,117,213
52,3118,406,253,457,447
59,3118,406,253,457,447
60,3118,406,253,457,447
68,3118,406,253,457,447
68,3118,455,255,508,448
52,3118,505,255,558,450
52,3118,156,251,210,437
68,3118,156,251,210,437
52,3118,555,254,604,450
59,3118,555,254,604,450
60,3118,555,254,604,450
68,3118,555,254,604,450
52,3119,487,9,541,207
60,3119,487,9,541,207
68,3119,487,9,541,207
52,3119,388,10,439,206
60,3119,388,10,439,206
68,3119,388,10,439,206
52,3119,438,11,489,207
60,3119,438,11,489,207
68,3119,438,11,489,207
52,3119,539,7,591,208
60,3119,539,7,591,208
68,3119,539,7,591,208
52,3119,338,9,392,205
60,3119,338,9,392,205
68,3119,338,9,392,205
52,3119,353,251,402,410
60,3119,353,251,402,410
68,3119,353,251,402,410
52,3119,239,7,290,203
60,3119,239,7,290,203
68,3119,239,7,290,203
52,3119,189,9,242,201
60,3119,189,9,242,201
68,3119,189,9,242,201
52,3119,591,8,640,208
59,3119,591,8,640,208
60,3119,591,8,640,208
68,3119,591,8,640,208
52,3119,96,430,139,567
60,3119,96,430,139,567
52,3120,237,0,288,127
59,3120,237,0,288,127
52,3120,202,0,241,113
52,3120,603,0,661,134
59,3120,603,0,661,134
60,3120,603,0,661,134
68,3120,603,0,661,134
52,3120,128,164,170,320
60,3120,128,164,170,320
52,3120,87,162,129,318
59,3120,87,162,129,318
60,3120,87,162,129,318
52,3122,50,134,100,311
59,3122,50,134,100,311
60,3122,50,134,100,311
1,3122,148,130,197,307
52,3122,148,130,197,307
59,3122,148,130,197,307
60,3122,148,130,197,307
52,3122,439,140,489,318
52,3122,212,363,258,512
59,3122,212,363,258,512
52,3122,168,358,213,508
52,3122,126,360,171,507
1,3122,80,360,130,505
52,3122,80,360,130,505
59,3122,80,360,130,505
60,3122,80,360,130,505
1,3122,514,361,559,519
52,3122,514,361,559,519
59,3122,514,361,559,519
60,3122,514,361,559,519
52,3122,384,359,428,514
59,3122,384,359,428,514
52,3123,580,0,642,206
60,3123,580,0,642,206
68,3123,580,0,642,206
52,3123,577,266,636,422
60,3123,577,266,636,422
68,3123,577,266,636,422
68,3123,701,269,757,449
52,3123,648,0,715,215
59,3123,648,0,715,215
60,3123,648,0,715,215
68,3123,648,0,715,215
52,3123,641,272,702,445
59,3123,641,272,702,445
60,3123,641,272,702,445
68,3123,641,272,702,445
52,3123,710,68,757,215
59,3123,710,68,757,215
60,3123,710,68,757,215
52,3124,533,13,586,205
60,3124,533,13,586,205
60,3124,66,11,118,199
52,3124,117,14,168,199
60,3124,117,14,168,199
52,3124,699,246,756,455
59,3124,699,246,756,455
60,3124,699,246,756,455
68,3124,699,246,756,455
52,3124,641,249,700,455
59,3124,641,249,700,455
60,3124,641,249,700,455
68,3124,641,249,700,455
60,3124,503,481,554,567
52,3124,408,479,457,567
60,3124,408,479,457,567
68,3124,408,479,457,567
27,3125,24,380,95,567
52,3125,24,380,95,567
59,3125,24,380,95,567
60,3125,24,380,95,567
68,3125,24,380,95,567
52,3125,198,73,268,304
60,3125,198,73,268,304
52,3125,425,358,493,567
60,3125,425,358,493,567
68,3125,425,358,493,567
52,3125,493,346,558,568
60,3125,493,346,558,568
68,3125,493,346,558,568
60,3126,381,41,443,258
68,3126,381,41,443,258
1,3126,269,318,325,487
52,3126,269,318,325,487
59,3126,269,318,325,487
60,3126,269,318,325,487
52,3127,354,34,409,213
60,3127,354,34,409,213
68,3127,354,34,409,213
52,3127,0,52,56,213
59,3127,0,52,56,213
60,3127,0,52,56,213
52,3127,110,38,167,212
59,3127,110,38,167,212
60,3127,110,38,167,212
68,3127,110,38,167,212
1,3128,125,65,178,234
52,3128,125,65,178,234
59,3128,125,65,178,234
60,3128,125,65,178,234
52,3128,500,71,547,238
60,3128,500,71,547,238
68,3128,500,71,547,238
52,3128,546,72,601,240
59,3128,546,72,601,240
60,3128,546,72,601,240
68,3128,546,72,601,240
52,3129,168,140,221,314
52,3129,132,360,180,524
59,3129,132,360,180,524
60,3129,132,360,180,524
52,3129,548,373,600,534
59,3129,548,373,600,534
60,3129,548,373,600,534
68,3129,548,373,600,534
52,3129,501,374,548,532
59,3129,501,374,548,532
60,3129,501,374,548,532
68,3129,501,374,548,532
52,3130,502,283,560,462
60,3130,502,283,560,462
68,3130,443,267,502,462
68,3130,334,266,384,461
60,3131,602,35,659,240
52,3131,232,295,280,488
60,3131,232,295,280,488
52,3131,43,41,100,237
60,3131,43,41,100,237
52,3131,178,294,232,486
52,3131,335,297,384,488
60,3131,335,297,384,488
52,3131,549,309,601,490
52,3133,389,106,446,306
52,3133,240,108,290,304
60,3133,240,108,290,304
52,3133,344,115,392,303
52,3133,449,114,503,304
60,3133,449,114,503,304
60,3133,585,381,645,529
59,3133,427,0,485,53
59,3133,489,355,540,529
60,3133,489,355,540,529
52,3134,486,68,537,246
59,3134,486,68,537,246
60,3134,486,68,537,246
52,3134,47,60,107,244
60,3134,47,60,107,244
52,3134,4,57,64,244
60,3134,4,57,64,244
52,3134,142,69,192,244
60,3134,142,69,192,244
52,3135,365,34,415,224
59,3135,365,34,415,224
60,3135,365,34,415,224
52,3135,459,39,506,225
60,3135,649,44,694,227
52,3136,215,338,266,510
60,3136,215,338,266,510
52,3136,544,119,594,301
52,3136,593,125,641,301
52,3136,355,336,402,512
52,3136,370,0,427,65
60,3136,370,0,427,65
52,3137,657,267,703,440
52,3137,610,266,658,441
52,3137,686,36,740,212
60,3137,686,36,740,212
52,3137,237,479,287,567
60,3137,237,479,287,567
68,3137,237,479,287,567
60,3138,627,502,670,567
1,3138,644,0,706,200
52,3138,644,0,706,200
59,3138,644,0,706,200
60,3138,644,0,706,200
52,3139,618,281,671,457
60,3139,618,281,671,457
68,3139,618,281,671,457
60,3139,666,282,715,457
1,3140,630,77,688,260
52,3140,630,77,688,260
60,3140,630,77,688,260